^COLORS
_BALL
0.5715277;0.67152774;0.6664179;1.0;0.21274512;1.0
PINK
0.9546729;1.0546728;0.8199187;1.0;0.43235293;1.0
PINK_1
0.94;1.0;0.46;1.0;0.45;1.0
PINK_2
0.95;1.05;0.6476744;1.0;0.45588237;1.0
YELLOW
0.116666675;0.21666667;0.7735294;1.0;0.48333335;1.0
YELLOW_1
0.119781926;0.21978192;0.71978414;1.0;0.49509805;1.0
YELLOW_2
0.1;0.2;0.62;1.0;0.63;1.0
BLUE
0.54523814;0.64523816;0.6011628;1.0;0.11862746;1.0
BLUE_1
0.53;0.63;0.5;1.0;0.14;1.0
BLUE_2
0.6166667;0.7166667;-0.0142857125;1.0;0.16960785;1.0
GREEN
0.21666665;0.31666666;0.7625;1.0;0.2637255;1.0
GREEN_1
0.24040405;0.34040406;0.90652174;1.0;0.22058825;1.0
GREEN_2
0.17435896;0.27435896;0.48061222;1.0;0.33431372;1.0
^MISC
false;true;false;false;false;UNKNOWN;FRED;UNKNOWN;UNKNOWN
^DISTORTION
0;0;0;0;0;0;0;10:10;630:470
^END