^COLORS
_BALL
0.9355769;1.0355769;0.8388889;1.0;0.40882352;1.0
PINK
0.9518315;1.0518315;0.69590163;1.0;0.42843136;1.0
PINK_1
0.92530864;1.0253086;0.857563;1.0;0.41666666;1.0
PINK_2
0.93734175;1.0373417;0.5769841;1.0;0.44411764;1.0
YELLOW
0.08968255;0.18968254;0.52377045;1.0;0.66764706;1.0
YELLOW_1
0.12405065;0.22405064;0.813388;1.0;0.66764706;1.0
YELLOW_2
0.120967746;0.22096774;0.9009202;1.0;0.5892157;1.0
BLUE
0.5619792;0.6619792;0.87753624;1.0;0.22058825;1.0
BLUE_1
0.53;0.65;0.34;0.76;0.32;1.0
BLUE_2
0.5282313;0.62823135;0.6033333;1.0;0.24411766;1.0
GREEN
0.25141844;0.35141847;0.5095238;1.0;0.27941176;1.0
GREEN_1
0.22;0.39;0.41;1.0;0.27;1.0
GREEN_2
0.26515153;0.36515155;0.7471014;1.0;0.22058825;1.0
^MISC
false;false;false;false;false;UNKNOWN;FRED;UNKNOWN;UNKNOWN
^DISTORTION
0;0;0;0;0;0;0;10:10;630:470
^END