^COLORS
_BALL
0.919697;1.019697;0.95;1.0;0.38137254;1.0
PINK
0.9236842;1.0236841;0.8025641;1.0;0.5617647;1.0
PINK_1
0.93566304;1.035663;0.6142857;1.0;0.49901962;1.0
PINK_2
0.9518116;1.0518116;0.91842103;1.0;0.32254902;1.0
YELLOW
0.099509805;0.1995098;0.95;1.0;0.48333335;1.0
YELLOW_1
0.107103825;0.20710382;0.95;1.0;0.42843136;1.0
YELLOW_2
0.0;0.0;1.0;2.0;1.0;2.0
BLUE
0.6010417;0.7010417;0.9346154;1.0;0.20490198;1.0
BLUE_1
0.6270833;0.7270833;0.2637255;1.0;0.15;1.0
BLUE_2
0.6527027;0.7527027;0.47112674;1.0;0.22843139;1.0
GREEN
0.26172838;0.3617284;0.9142857;1.0;0.16960785;1.0
GREEN_1
0.26172838;0.3617284;0.84999996;1.0;0.18529412;1.0
GREEN_2
0.17051283;0.27051282;0.79415584;1.0;0.25196078;1.0
^MISC
false;false;true;false;false;UNKNOWN;FRED;UNKNOWN;UNKNOWN
^DISTORTION
0;0;0;0;0;0;0;10:10;630:470
^END