^COLORS
_BALL
0.94545454;1.0454545;0.940991;1.0;0.3852941;1.0
PINK
0.93876404;1.038764;0.6563492;1.0;0.44411764;1.0
PINK_1
0.95531917;1.0553192;0.506213;1.0;0.6127451;1.0
PINK_2
0.9385057;1.0385057;0.7630841;1.0;0.36960784;1.0
YELLOW
0.09772727;0.19772726;0.80714285;1.0;0.5539216;1.0
YELLOW_1
0.11371681;0.2137168;0.8995798;1.0;0.41666666;1.0
YELLOW_2
0.10277778;0.20277777;0.95;1.0;0.32647058;1.0
BLUE
0.5541667;0.6541667;0.21666668;1.0;0.06764706;1.0
BLUE_1
0.6621212;0.7621212;0.18404256;1.0;0.13431373;1.0
BLUE_2
0.6444444;0.74444443;0.3554054;1.0;0.2401961;1.0
GREEN
0.18376625;0.28376624;0.95;1.0;0.25196078;1.0
GREEN_1
0.27986112;0.37986115;0.95;1.0;0.1382353;1.0
GREEN_2
0.17602742;0.2760274;0.9364865;1.0;0.2401961;1.0
^MISC
true;true;true;false;true;UNKNOWN;UNKNOWN;FRED;UNKNOWN
^DISTORTION
0;0;0;0;0;0;0;10:10;630:470
^END