^COLORS
_BALL
0.94545454;1.0454545;0.940991;1.0;0.3852941;1.0
PINK
0.95850337;1.0585034;0.6868421;1.0;0.47156864;1.0
PINK_1
0.95531917;1.0553192;0.506213;1.0;0.6127451;1.0
PINK_2
0.9394737;1.0394737;0.57913905;1.0;0.5421569;1.0
YELLOW
0.09772727;0.19772726;0.80714285;1.0;0.5539216;1.0
YELLOW_1
0.09888889;0.19888888;0.95;1.0;0.5382353;1.0
YELLOW_2
0.10100672;0.20100671;0.95;1.0;0.53431374;1.0
BLUE
0.5541667;0.6541667;0.21666668;1.0;0.06764706;1.0
BLUE_1
0.73125;0.83125;0.17535211;1.0;0.22843139;1.0
BLUE_2
0.565942;0.665942;0.45;1.0;0.13039216;1.0
GREEN
0.26761004;0.36761007;0.95;1.0;0.15784314;1.0
GREEN_1
0.15528455;0.25528455;0.6449152;1.0;0.4127451;1.0
GREEN_2
0.20505051;0.30505052;0.8418919;1.0;0.2401961;1.0
^MISC
false;true;true;false;true;UNKNOWN;FRED;UNKNOWN;UNKNOWN
^DISTORTION
0;0;0;0;0;0;0;10:10;630:470
^END