^COLORS
_BALL
0.9006173;1.0006173;0.9142857;1.0;0.16960785;1.0
PINK
0.9458333;1.0458333;0.37105262;1.0;0.32254902;1.0
PINK_1
0.90628415;1.0062841;0.834058;1.0;0.22058825;1.0
PINK_2
0.9318182;1.0318182;0.6642857;1.0;0.25196078;1.0
YELLOW
0.12109144;0.22109143;0.91581196;1.0;0.40882352;1.0
YELLOW_1
0.089846745;0.18984674;0.88548386;1.0;0.31470588;1.0
YELLOW_2
0.11885965;0.21885964;0.6166667;1.0;0.3970588;1.0
BLUE
0.5622449;0.6622449;0.8574074;1.0;0.16176471;1.0
BLUE_1
0.6030612;0.7030612;0.4351485;1.0;0.34607843;1.0
BLUE_2
0.62;0.72;0.44;1.0;0.12;1.0
GREEN
0.28823528;0.3882353;0.92142856;1.0;0.08725491;1.0
GREEN_1
0.3035353;0.40353534;0.81842107;1.0;0.09901962;1.0
GREEN_2
0.2295699;0.3295699;0.41969696;1.0;0.20882355;1.0
^MISC
true;true;true;false;true;UNKNOWN;FRED;UNKNOWN;UNKNOWN
^DISTORTION
0;0;0;0;0;0;0;10:10;630:470
^END