^COLORS
_BALL
0.0;0.0;1.0;2.0;1.0;2.0
PINK
0.9458333;1.0458333;0.37105262;1.0;0.32254902;1.0
PINK_1
0.0;0.0;1.0;2.0;1.0;2.0
PINK_2
0.0;0.0;1.0;2.0;1.0;2.0
YELLOW
0.110569105;0.2105691;0.5574074;1.0;0.47941178;1.0
YELLOW_1
0.0;0.0;1.0;2.0;1.0;2.0
YELLOW_2
0.0;0.0;1.0;2.0;1.0;2.0
BLUE
0.57931036;0.6793104;0.7032467;1.0;0.25196078;1.0
BLUE_1
0.6030612;0.7030612;0.4351485;1.0;0.34607843;1.0
BLUE_2
0.0;0.0;1.0;2.0;1.0;2.0
GREEN
0.29343432;0.39343435;0.5;1.0;0.18529412;1.0
GREEN_1
0.25555554;0.35555556;0.41753244;1.0;0.25196078;1.0
GREEN_2
0.22272725;0.32272726;0.28673467;1.0;0.33431372;1.0
^MISC
false;true;false;false;true;UNKNOWN;FRED;UNKNOWN;UNKNOWN
^DISTORTION
0;0;0;0;0;0;0;10:10;630:470
^END