^COLORS
_BALL
0.93122065;1.0312207;0.8842105;1.0;0.24803923;1.0
PINK
0.9470238;1.0470238;0.5936782;1.0;0.29117647;1.0
PINK_1
0.0;0.0;1.0;2.0;1.0;2.0
PINK_2
0.9166667;1.0166667;0.7343137;1.0;0.15;1.0
YELLOW
0.1;0.2;0.94;1.0;0.28;1.0
YELLOW_1
0.12708333;0.22708333;0.90049505;1.0;0.34607843;1.0
YELLOW_2
0.0;0.0;1.0;2.0;1.0;2.0
BLUE
0.59;0.69;0.89;1.0;0.05;1.0
BLUE_1
0.6270833;0.7270833;0.2637255;1.0;0.15;1.0
BLUE_2
0.0;0.0;1.0;2.0;1.0;2.0
GREEN
0.25;0.35;0.95;1.0;0.09;1.0
GREEN_1
0.19561405;0.29561406;0.5729508;1.0;0.18921569;1.0
GREEN_2
0.0;0.0;1.0;2.0;1.0;2.0
^MISC
false;false;false;false;false;UNKNOWN;UNKNOWN;UNKNOWN;UNKNOWN
^DISTORTION
0;0;0;0;0;0;0;10:10;630:470
^END