^COLORS
_BALL
0.94084245;1.0408424;0.9391304;1.0;0.3107843;1.0
PINK
0.9458333;1.0458333;0.37105262;1.0;0.32254902;1.0
PINK_1
0.0;0.0;1.0;2.0;1.0;2.0
PINK_2
0.0;0.0;1.0;2.0;1.0;2.0
YELLOW
0.10196078;0.20196077;0.8;1.0;0.42058823;1.0
YELLOW_1
0.09102565;0.19102564;0.870354;1.0;0.39313725;1.0
YELLOW_2
0.10232976;0.20232975;0.7381356;1.0;0.4127451;1.0
BLUE
0.63;0.7;0.58;1.0;0.2;1.0
BLUE_1
0.58111113;0.68111116;0.92402595;1.0;0.25196078;1.0
BLUE_2
0.5623188;0.6623188;0.9287234;1.0;0.13431373;1.0
GREEN
0.29343432;0.39343435;0.5;1.0;0.18529412;1.0
GREEN_1
0.25555554;0.35555556;0.41753244;1.0;0.25196078;1.0
GREEN_2
0.2611111;0.36111113;0.92826086;1.0;0.13039216;1.0
^MISC
true;true;true;false;true;UNKNOWN;FRED;UNKNOWN;UNKNOWN
^DISTORTION
0;0;0;0;0;0;0;10:10;630:470
^END