^COLORS
_BALL
0.9342767;1.0342767;0.8048387;1.0;0.4362745;1.0
PINK
0.9564103;1.0564103;0.3111111;1.0;0.7970588;1.0
PINK_1
0.9515873;1.0515873;0.40652174;1.0;0.8519608;1.0
PINK_2
0.9244898;1.0244898;0.45777202;1.0;0.70686275;1.0
YELLOW
0.10705128;0.20705128;0.42058823;1.0;0.81666666;1.0
YELLOW_1
0.11135882;0.21135882;0.60690373;1.0;0.8872549;1.0
YELLOW_2
0.07369792;0.17369792;0.48556483;1.0;0.8872549;1.0
BLUE
0.5624031;0.6624031;0.45588237;1.0;0.28333333;1.0
BLUE_1
0.56;0.68;0.0;1.0;0.36;1.0
BLUE_2
0.64;0.74;0.13;1.0;0.36;1.0
GREEN
0.21315788;0.3131579;0.40967742;1.0;0.4362745;1.0
GREEN_1
0.22604166;0.32604167;0.577451;1.0;0.35;1.0
GREEN_2
0.17839506;0.27839506;0.12307693;1.0;0.5617647;1.0
^MISC
false;true;false;false;true;UNKNOWN;FRED;UNKNOWN;UNKNOWN
^DISTORTION
0;0;0;0;0;0;0;10:10;630:470
^END