^COLORS
_BALL
0.9006173;1.0006173;0.9142857;1.0;0.16960785;1.0
PINK
0.9458333;1.0458333;0.37105262;1.0;0.32254902;1.0
PINK_1
0.0;0.0;1.0;2.0;1.0;2.0
PINK_2
0.0;0.0;1.0;2.0;1.0;2.0
YELLOW
0.12109144;0.22109143;0.91581196;1.0;0.40882352;1.0
YELLOW_1
0.0;0.0;1.0;2.0;1.0;2.0
YELLOW_2
0.11885965;0.21885964;0.6166667;1.0;0.3970588;1.0
BLUE
0.5735632;0.67356324;0.75555557;1.0;0.23235296;1.0
BLUE_1
0.60891473;0.70891476;0.38434342;1.0;0.3382353;1.0
BLUE_2
0.0;0.0;1.0;2.0;1.0;2.0
GREEN
0.25357142;0.35357144;0.36791044;1.0;0.21274512;1.0
GREEN_1
0.22651516;0.32651517;0.43351647;1.0;0.30686274;1.0
GREEN_2
0.30256408;0.4025641;0.8954545;1.0;0.16568628;1.0
^MISC
true;true;true;false;true;UNKNOWN;FRED;UNKNOWN;UNKNOWN
^DISTORTION
0;0;0;0;0;0;0;10:10;630:470
^END