^COLORS
_BALL
0.9588889;1.0588889;0.85361445;1.0;0.2754902;1.0
PINK
0.94774777;1.0477477;0.7208333;1.0;0.32647058;1.0
PINK_1
0.0055555524;0.10555555;0.5405512;1.0;0.4480392;1.0
PINK_2
0.95273226;1.0527322;0.6593023;1.0;0.2872549;1.0
YELLOW
0.11;0.21;0.77;1.0;0.66;0.86
YELLOW_1
0.11;0.21;0.71;1.0;0.61;1.0
YELLOW_2
0.15671837;0.25671837;0.7271084;1.0;0.6009804;1.0
BLUE
0.54523814;0.64523816;0.6011628;1.0;0.11862746;1.0
BLUE_1
0.59;0.69;0.43;1.0;0.11;0.46
BLUE_2
0.6325397;0.7325397;0.23767124;1.0;0.23627453;1.0
GREEN
0.21666665;0.31666666;0.7625;1.0;0.2637255;1.0
GREEN_1
0.24040405;0.34040406;0.90652174;1.0;0.22058825;1.0
GREEN_2
0.17435896;0.27435896;0.48061222;1.0;0.33431372;1.0
^MISC
false;true;false;false;false;UNKNOWN;FRED;UNKNOWN;UNKNOWN
^DISTORTION
0;0;0;0;0;0;0;10:10;630:470
^END