^COLORS
_BALL
0.95191574;1.0519158;0.9275281;1.0;0.2990196;1.0
PINK
0.98333335;1.0833334;0.54782605;1.0;0.3107843;1.0
PINK_1
0.93;1.0;0.85;1.0;0.19;1.0
PINK_2
0.96;1.0;0.78;1.0;0.38;1.0
YELLOW
0.13731563;0.23731562;0.71870744;1.0;0.5264706;1.0
YELLOW_1
0.12042606;0.22042605;0.8609589;1.0;0.52254903;1.0
YELLOW_2
0.12;0.22;0.86;1.0;0.47;1.0
BLUE
0.6444444;0.74444443;0.325;1.0;0.012745102;1.0
BLUE_1
0.58;0.68;0.79;1.0;0.09;0.45
BLUE_2
0.83;0.93;0.18;1.0;0.16;0.76
GREEN
0.18;0.41;0.73;1.0;0.19;1.0
GREEN_1
0.27;0.37;0.87;1.0;0.09;0.56
GREEN_2
0.15754719;0.2575472;0.56627905;1.0;0.2872549;1.0
^MISC
false;true;false;false;false;UNKNOWN;FRED;UNKNOWN;UNKNOWN
^DISTORTION
20;3;3;14;0;0;-1;27:16;613:440
^END